X,Y
0.0,0.0
0.003003003003003003,0.4333839944942974
0.006006006006006006,0.8632354849324213
0.009009009009009009,1.2860523534931692
0.012012012012012012,1.698392987878572
0.015015015015015015,2.0969058690723394
0.018018018018018018,2.478358367691587
0.02102102102102102,2.839664496061976
0.024024024024024024,3.177911372392028
0.02702702702702703,3.4903841648245315
0.03003003003003003,3.7745892966003582
0.03303303303303303,4.028275708963196
0.036036036036036036,4.249453995626029
0.03903903903903904,4.436413241458916
0.04204204204204204,4.587735418375623
0.04504504504504504,4.7023072130134365
0.04804804804804805,4.779329183524175
0.05105105105105105,4.818322166423365
0.05405405405405406,4.819130878768819
0.057057057057057055,4.7819246857437845
0.06006006006006006,4.707195528783043
0.06306306306306306,4.5957530344805635
0.06606606606606606,4.4487168494316816
0.06906906906906907,4.267506270670324
0.07207207207207207,4.053827265244954
0.07507507507507508,3.8096569955239907
0.07807807807807808,3.537225988827802
0.08108108108108109,3.2389981107550634
0.08408408408408408,2.917648520921989
0.08708708708708708,2.576039807592264
0.09009009009009009,2.2171965136860123
0.09309309309309309,1.8442782807760656
0.0960960960960961,1.4605518497842056
0.0990990990990991,1.0693621670717242
0.1021021021021021,0.6741028523896831
0.10510510510510511,0.27818629064581535
0.10810810810810811,-0.11498638739093225
0.1111111111111111,-0.5020551695182341
0.11411411411411411,-0.879730607283529
0.11711711711711711,-1.2448225814455158
0.12012012012012012,-1.5942681334495141
0.12312312312312312,-1.9251581171207772
0.12612612612612611,-2.2347624354291655
0.12912912912912913,-2.5205536399130923
0.13213213213213212,-2.7802286850566933
0.13513513513513514,-3.011728646460678
0.13813813813813813,-3.2132562298863014
0.14114114114114115,-3.3832909180212036
0.14414414414414414,-3.5206016229388237
0.14714714714714713,-3.624256734511881
0.15015015015015015,-3.693631478296073
0.15315315315315314,-3.7284125204159393
0.15615615615615616,-3.7285997815465324
0.15915915915915915,-3.6945054469736798
0.16216216216216217,-3.626750184710529
0.16516516516516516,-3.526256608526306
0.16816816816816815,-3.3942400472833194
0.17117117117117117,-3.2321967059618704
0.17417417417417416,-3.04188932696651
0.17717717717717718,-2.8253304825444587
0.18018018018018017,-2.5847636502102205
0.1831831831831832,-2.3226422427720816
0.18618618618618618,-2.041606782721393
0.1891891891891892,-1.7444604272122233
0.1921921921921922,-1.434143064481648
0.19519519519519518,-1.113704215208862
0.1981981981981982,-0.7862749828727663
0.2012012012012012,-0.4550393055486809
0.2042042042042042,-0.12320476771115096
0.2072072072072072,0.2060267655727419
0.21021021021021022,0.5294884282003322
0.2132132132132132,0.8440772833616051
0.21621621621621623,1.1467826448875975
0.21921921921921922,1.4347135354130554
0.2222222222222222,1.7051250349617155
0.22522522522522523,1.955443283574533
0.22822822822822822,2.183288913722392
0.23123123123123124,2.3864987023666075
0.23423423423423423,2.5631452485264656
0.23723723723723725,2.7115544999410766
0.24024024024024024,2.8303209717140123
0.24324324324324323,2.9183205205318674
0.24624624624624625,2.974720559966971
0.24924924924924924,2.998987625314806
0.25225225225225223,2.9908922201733175
0.2552552552552553,2.9505109013325916
0.25825825825825827,2.8782255832919876
0.26126126126126126,2.774720068636979
0.26426426426426425,2.6409738353676286
0.26726726726726724,2.478253136852957
0.2702702702702703,2.2880994941712545
0.2732732732732733,2.0723156839710786
0.27627627627627627,1.8329493474422383
0.27927927927927926,1.5722743673208868
0.2822822822822823,1.2927701798771156
0.2852852852852853,0.997099207368715
0.2882882882882883,0.6880826133254226
0.2912912912912913,0.3686745981041044
0.29429429429429427,0.04193546529100567
0.2972972972972973,-0.2889962993936033
0.3003003003003003,-0.6209326861098612
0.3033033033033033,-0.9506652985663373
0.3063063063063063,-1.2749947096844498
0.30930930930930933,-1.5907597715457946
0.3123123123123123,-1.8948666162064083
0.3153153153153153,-2.18431708661125
0.3183183183183183,-2.456236341819146
0.3213213213213213,-2.707899388010544
0.32432432432432434,-2.936756296232032
0.32732732732732733,-3.1404558794490414
0.3303303303303303,-3.31686761512884
0.3333333333333333,-3.4641016151377517
0.3363363363363363,-3.580526462071761
0.33933933933933935,-3.6647847500942428
0.34234234234234234,-3.715806188759655
0.34534534534534533,-3.732818149976402
0.3483483483483483,-3.715353561012996
0.35135135135135137,-3.663256070076668
0.35435435435435436,-3.5766824352823985
0.35735735735735735,-3.456102112567107
0.36036036036036034,-3.302294043068087
0.36336336336336333,-3.116340665454553
0.3663663663663664,-2.899619203454236
0.36936936936936937,-2.65379030313271
0.37237237237237236,-2.3807841181452067
0.37537537537537535,-2.0827839639784473
0.3783783783783784,-1.7622076839298457
0.3813813813813814,-1.421686890040689
0.3843843843843844,-1.0640442612249856
0.38738738738738737,-0.6922690982480091
0.39039039039039036,-0.3094913508522624
0.3933933933933934,0.08104565393582719
0.3963963963963964,0.4760135415802149
0.3993993993993994,0.8720280275825616
0.4024024024024024,1.2656786051457534
0.40540540540540543,1.653558520235082
0.4084084084084084,2.0322947685885335
0.4114114114114114,2.398577848855587
0.4144144144144144,2.749191008032294
0.4174174174174174,3.0810387196930633
0.42042042042042044,3.3911741421582082
0.42342342342342343,3.6768253126224857
0.4264264264264264,3.935419844325056
0.4294294294294294,4.164607906967999
0.43243243243243246,4.362283285672496
0.43543543543543545,4.526602330665421
0.43843843843843844,4.656000628464618
0.44144144144144143,4.74920724541417
0.4444444444444444,4.80525641583327
0.44744744744744747,4.823496569593914
0.45045045045045046,4.803596617433937
0.45345345345345345,4.745549436534075
0.45645645645645644,4.649672523626145
0.45945945945945943,4.516605807934552
0.4624624624624625,4.347306641362882
0.46546546546546547,4.143042008298659
0.46846846846846846,3.9053780220007024
0.47147147147147145,3.6361667985367907
0.4744744744744745,3.33753082244145
0.4774774774774775,3.0118449404585803
0.4804804804804805,2.661716140724101
0.48348348348348347,2.2899612943443444
0.48648648648648646,1.8995830543611025
0.4894894894894895,1.4937441234051927
0.4924924924924925,1.0757401157819295
0.4954954954954955,0.6489712521751907
0.4984984984984985,0.2169131354923488
0.5015015015015015,-0.21691313549234315
0.5045045045045045,-0.6489712521751763
0.5075075075075075,-1.075740115781924
0.5105105105105106,-1.4937441234051942
0.5135135135135135,-1.8995830543610828
0.5165165165165165,-2.2899612943443395
0.5195195195195195,-2.6617161407240895
0.5225225225225225,-3.0118449404585705
0.5255255255255256,-3.337530822441453
0.5285285285285285,-3.636166798536781
0.5315315315315315,-3.9053780220006953
0.5345345345345345,-4.143042008298654
0.5375375375375375,-4.347306641362879
0.5405405405405406,-4.516605807934548
0.5435435435435435,-4.649672523626142
0.5465465465465466,-4.745549436534073
0.5495495495495496,-4.803596617433936
0.5525525525525525,-4.823496569593914
0.5555555555555556,-4.80525641583327
0.5585585585585585,-4.7492072454141745
0.5615615615615616,-4.656000628464619
0.5645645645645646,-4.52660233066542
0.5675675675675675,-4.362283285672502
0.5705705705705706,-4.164607906968001
0.5735735735735735,-3.9354198443250636
0.5765765765765766,-3.6768253126224946
0.5795795795795796,-3.3911741421582065
0.5825825825825826,-3.0810387196930673
0.5855855855855856,-2.749191008032305
0.5885885885885885,-2.3985778488555987
0.5915915915915916,-2.0322947685885318
0.5945945945945946,-1.6535585202350869
0.5975975975975976,-1.2656786051457658
0.6006006006006006,-0.8720280275825594
0.6036036036036035,-0.4760135415802345
0.6066066066066066,-0.08104565393583263
0.6096096096096096,0.3094913508522644
0.6126126126126126,0.6922690982479904
0.6156156156156156,1.0640442612249805
0.6186186186186187,1.4216868900406974
0.6216216216216216,1.762207683929836
0.6246246246246246,2.082783963978443
0.6276276276276276,2.380784118145202
0.6306306306306306,2.6537903031327024
0.6336336336336337,2.899619203454238
0.6366366366366366,3.1163406654545485
0.6396396396396397,3.3022940430680823
0.6426426426426426,3.4561021125671028
0.6456456456456456,3.5766824352823967
0.6486486486486487,3.6632560700766685
0.6516516516516516,3.7153535610129946
0.6546546546546547,3.7328181499764
0.6576576576576576,3.715806188759659
0.6606606606606606,3.6647847500942436
0.6636636636636637,3.5805264620717585
0.6666666666666666,3.4641016151377606
0.6696696696696697,3.3168676151288423
0.6726726726726726,3.140455879449042
0.6756756756756757,2.9367562962320415
0.6786786786786787,2.707899388010547
0.6816816816816816,2.4562363418191477
0.6846846846846847,2.1843170866112605
0.6876876876876877,1.8948666162064063
0.6906906906906907,1.5907597715457917
0.6936936936936937,1.2749947096844618
0.6966966966966966,0.9506652985663478
0.6996996996996997,0.6209326861098583
0.7027027027027027,0.28899629939360905
0.7057057057057057,-0.04193546529099512
0.7087087087087087,-0.36867459810410697
0.7117117117117117,-0.6880826133254064
0.7147147147147147,-0.9970992073687105
0.7177177177177178,-1.2927701798771234
0.7207207207207207,-1.572274367320873
0.7237237237237237,-1.8329493474422347
0.7267267267267267,-2.0723156839710763
0.7297297297297297,-2.288099494171248
0.7327327327327328,-2.4782531368529543
0.7357357357357357,-2.6409738353676273
0.7387387387387387,-2.774720068636975
0.7417417417417418,-2.878225583291988
0.7447447447447447,-2.950510901332592
0.7477477477477478,-2.9908922201733175
0.7507507507507507,-2.998987625314806
0.7537537537537538,-2.9747205599669706
0.7567567567567568,-2.918320520531868
0.7597597597597597,-2.8303209717140145
0.7627627627627628,-2.7115544999410743
0.7657657657657657,-2.5631452485264727
0.7687687687687688,-2.3864987023666098
0.7717717717717718,-2.1832889137223885
0.7747747747747747,-1.9554432835745406
0.7777777777777778,-1.7051250349617186
0.7807807807807807,-1.4347135354130585
0.7837837837837838,-1.1467826448876044
0.7867867867867868,-0.844077283361606
0.7897897897897898,-0.5294884282003329
0.7927927927927928,-0.20602676557274968
0.7957957957957957,0.12320476771114408
0.7987987987987988,0.4550393055486801
0.8018018018018018,0.7862749828727615
0.8048048048048048,1.1137042152088554
0.8078078078078078,1.4341430644816504
0.8108108108108109,1.744460427212222
0.8138138138138138,2.04160678272139
0.8168168168168168,2.322642242772086
0.8198198198198198,2.58476365021021
0.8228228228228228,2.8253304825444587
0.8258258258258259,3.041889326966513
0.8288288288288288,3.232196705961864
0.8318318318318318,3.3942400472833194
0.8348348348348348,3.526256608526306
0.8378378378378378,3.6267501847105255
0.8408408408408409,3.6945054469736807
0.8438438438438438,3.7285997815465315
0.8468468468468469,3.7284125204159384
0.8498498498498498,3.6936314782960764
0.8528528528528528,3.6242567345118823
0.8558558558558559,3.520601622938824
0.8588588588588588,3.3832909180212076
0.8618618618618619,3.213256229886306
0.8648648648648649,3.011728646460678
0.8678678678678678,2.7802286850566986
0.8708708708708709,2.5205536399130963
0.8738738738738738,2.234762435429177
0.8768768768768769,1.9251581171207803
0.8798798798798799,1.5942681334495188
0.8828828828828829,1.2448225814455256
0.8858858858858859,0.8797306072835297
0.8888888888888888,0.5020551695182531
0.8918918918918919,0.11498638739093947
0.8948948948948949,-0.2781862906458186
0.8978978978978979,-0.6741028523896689
0.9009009009009009,-1.0693621670717188
0.9039039039039038,-1.460551849784197
0.9069069069069069,-1.8442782807760536
0.9099099099099099,-2.2171965136860092
0.9129129129129129,-2.5760398075922577
0.9159159159159159,-2.9176485209219796
0.9189189189189189,-3.238998110755052
0.9219219219219219,-3.5372259888278004
0.924924924924925,-3.8096569955239854
0.9279279279279279,-4.053827265244947
0.9309309309309309,-4.267506270670323
0.933933933933934,-4.44871684943168
0.9369369369369369,-4.595753034480559
0.93993993993994,-4.707195528783044
0.9429429429429429,-4.781924685743782
0.9459459459459459,-4.819130878768818
0.948948948948949,-4.818322166423364
0.9519519519519519,-4.779329183524178
0.954954954954955,-4.7023072130134365
0.9579579579579579,-4.587735418375627
0.960960960960961,-4.436413241458921
0.963963963963964,-4.249453995626029
0.9669669669669669,-4.028275708963201
0.96996996996997,-3.774589296600365
0.9729729729729729,-3.490384164824542
0.975975975975976,-3.177911372392031
0.978978978978979,-2.8396644960619826
0.9819819819819819,-2.4783583676915972
0.984984984984985,-2.0969058690723408
0.9879879879879879,-1.69839298787859
0.990990990990991,-1.2860523534931776
0.993993993993994,-0.8632354849324195
0.996996996996997,-0.4333839944943134
1.0,-5.633375276077825e-15
1.003003003003003,0.43338399449430215
1.006006006006006,0.8632354849324224
1.009009009009009,1.2860523534931496
1.012012012012012,1.6983929878785662
1.015015015015015,2.0969058690723306
1.018018018018018,2.4783583676915875
1.021021021021021,2.8396644960619843
1.024024024024024,3.177911372392019
1.027027027027027,3.490384164824512
1.03003003003003,3.7745892966003503
1.033033033033033,4.028275708963195
1.0360360360360361,4.249453995626032
1.039039039039039,4.43641324145891
1.042042042042042,4.587735418375622
1.045045045045045,4.702307213013432
1.048048048048048,4.779329183524175
1.0510510510510511,4.818322166423365
1.054054054054054,4.81913087876882
1.057057057057057,4.781924685743785
1.06006006006006,4.707195528783041
1.063063063063063,4.595753034480569
1.0660660660660661,4.448716849431685
1.069069069069069,4.267506270670336
1.072072072072072,4.053827265244961
1.075075075075075,3.8096569955239925
1.078078078078078,3.537225988827796
1.0810810810810811,3.2389981107550714
1.084084084084084,2.917648520922013
1.087087087087087,2.57603980759228
1.09009009009009,2.2171965136860186
1.093093093093093,1.8442782807760634
1.0960960960960962,1.4605518497841927
1.0990990990990992,1.069362167071729
1.102102102102102,0.6741028523897088
1.105105105105105,0.27818629064582884
1.1081081081081081,-0.11498638739092948
1.1111111111111112,-0.5020551695182432
1.1141141141141142,-0.8797306072835458
1.117117117117117,-1.24482258144549
1.12012012012012,-1.5942681334494981
1.1231231231231231,-1.925158117120772
1.1261261261261262,-2.234762435429169
1.1291291291291292,-2.5205536399131008
1.132132132132132,-2.780228685056689
1.135135135135135,-3.011728646460666
1.1381381381381381,-3.2132562298862957
1.1411411411411412,-3.3832909180212036
1.1441441441441442,-3.520601622938827
1.147147147147147,-3.624256734511879
1.15015015015015,-3.693631478296071
1.1531531531531531,-3.7284125204159393
1.1561561561561562,-3.7285997815465333
1.1591591591591592,-3.694505446973678
1.162162162162162,-3.6267501847105335
1.165165165165165,-3.5262566085263076
1.1681681681681682,-3.394240047283316
1.1711711711711712,-3.2321967059618775
1.1741741741741742,-3.04188932696651
1.177177177177177,-2.825330482544472
1.1801801801801801,-2.584763650210224
1.1831831831831832,-2.322642242772083
1.1861861861861862,-2.041606782721385
1.1891891891891893,-1.7444604272122315
1.192192192192192,-1.4341430644816708
1.1951951951951951,-1.113704215208875
1.1981981981981982,-0.7862749828727686
1.2012012012012012,-0.4550393055486759
1.2042042042042043,-0.12320476771113864
1.207207207207207,0.2060267655727147
1.2102102102102101,0.5294884282003124
1.2132132132132132,0.844077283361599
1.2162162162162162,1.146782644887598
1.2192192192192193,1.4347135354130618
1.2222222222222223,1.7051250349617328
1.2252252252252251,1.955443283574515
1.2282282282282282,2.183288913722383
1.2312312312312312,2.3864987023666053
1.2342342342342343,2.5631452485264687
1.2372372372372373,2.711554499941081
1.2402402402402402,2.830320971714012
1.2432432432432432,2.9183205205318634
1.2462462462462462,2.9747205599669697
1.2492492492492493,2.998987625314806
1.2522522522522523,2.9908922201733166
1.2552552552552552,2.9505109013325934
1.2582582582582582,2.8782255832919867
1.2612612612612613,2.774720068636983
1.2642642642642643,2.640973835367631
1.2672672672672673,2.478253136852952
1.2702702702702702,2.2880994941712602
1.2732732732732732,2.0723156839710803
1.2762762762762763,1.8329493474422316
1.2792792792792793,1.5722743673208912
1.2822822822822824,1.2927701798771203
1.2852852852852852,0.99709920736873
1.2882882882882882,0.6880826133254255
1.2912912912912913,0.3686745981041004
1.2942942942942943,0.041935465290991014
1.2972972972972974,-0.2889962993935976
1.3003003003003002,-0.620932686109837
1.3033033033033032,-0.9506652985663269
1.3063063063063063,-1.2749947096844534
1.3093093093093093,-1.590759771545799
1.3123123123123124,-1.8948666162064216
1.3153153153153152,-2.184317086611228
1.3183183183183182,-2.456236341819131
1.3213213213213213,-2.707899388010541
1.3243243243243243,-2.9367562962320357
1.3273273273273274,-3.140455879449048
1.3303303303303302,-3.3168676151288414
1.3333333333333333,-3.464101615137743
1.3363363363363363,-3.580526462071756
1.3393393393393394,-3.664784750094242
1.3423423423423424,-3.7158061887596583
1.3453453453453452,-3.7328181499764037
1.3483483483483483,-3.715353561012998
1.3513513513513513,-3.6632560700766694
1.3543543543543544,-3.5766824352823994
1.3573573573573574,-3.4561021125671063
1.3603603603603605,-3.302294043068081
1.3633633633633633,-3.1163406654545565
1.3663663663663663,-2.899619203454252
1.3693693693693694,-2.653790303132716
1.3723723723723724,-2.380784118145209
1.3753753753753755,-2.08278396397844
1.3783783783783783,-1.7622076839298566
1.3813813813813813,-1.4216868900406947
1.3843843843843844,-1.0640442612250034
1.3873873873873874,-0.6922690982480125
1.3903903903903905,-0.3094913508522593
1.3933933933933933,0.08104565393580776
1.3963963963963963,0.47601354158020937
1.3993993993993994,0.8720280275825634
1.4024024024024024,1.2656786051457412
1.4054054054054055,1.6535585202350775
1.4084084084084083,2.032294768588508
1.4114114114114114,2.3985778488555756
1.4144144144144144,2.7491910080322963
1.4174174174174174,3.081038719693071
1.4204204204204205,3.3911741421581993
1.4234234234234233,3.6768253126224675
1.4264264264264264,3.935419844325048
1.4294294294294294,4.164607906967995
1.4324324324324325,4.362283285672498
1.4354354354354355,4.526602330665428
1.4384384384384383,4.656000628464607
1.4414414414414414,4.7492072454141665
1.4444444444444444,4.805256415833268
1.4474474474474475,4.823496569593913
1.4504504504504505,4.803596617433936
1.4534534534534533,4.745549436534077
1.4564564564564564,4.649672523626152
1.4594594594594594,4.516605807934558
1.4624624624624625,4.3473066413628825
1.4654654654654655,4.143042008298657
1.4684684684684683,3.9053780220007113
1.4714714714714714,3.63616679853679
1.4744744744744744,3.337530822441471
1.4774774774774775,3.0118449404585914
1.4804804804804805,2.6617161407240966
1.4834834834834836,2.2899612943443337
1.4864864864864864,1.8995830543611076
1.4894894894894894,1.4937441234051914
1.4924924924924925,1.075740115781949
1.4954954954954955,0.6489712521751964
1.4984984984984986,0.2169131354923402
1.5015015015015014,-0.21691313549232336
1.5045045045045045,-0.6489712521751796
1.5075075075075075,-1.0757401157819324
1.5105105105105106,-1.4937441234051754
1.5135135135135136,-1.8995830543610923
1.5165165165165164,-2.2899612943443186
1.5195195195195195,-2.661716140724083
1.5225225225225225,-3.0118449404585785
1.5255255255255256,-3.337530822441459
1.5285285285285286,-3.6361667985367787
1.5315315315315314,-3.905378022000682
1.5345345345345345,-4.143042008298648
1.5375375375375375,-4.347306641362875
1.5405405405405406,-4.5166058079345515
1.5435435435435436,-4.649672523626148
1.5465465465465464,-4.745549436534069
1.5495495495495495,-4.803596617433934
1.5525525525525525,-4.823496569593913
1.5555555555555556,-4.80525641583327
1.5585585585585586,-4.749207245414169
1.5615615615615615,-4.65600062846462
1.5645645645645645,-4.526602330665433
1.5675675675675675,-4.362283285672504
1.5705705705705706,-4.164607906968003
1.5735735735735736,-3.9354198443250574
1.5765765765765765,-3.6768253126224986
1.5795795795795795,-3.39117414215821
1.5825825825825826,-3.0810387196930833
1.5855855855855856,-2.7491910080323096
1.5885885885885886,-2.39857784885559
1.5915915915915915,-2.032294768588551
1.5945945945945945,-1.6535585202350926
1.5975975975975976,-1.2656786051457563
1.6006006006006006,-0.8720280275825787
1.6036036036036037,-0.4760135415802249
1.6066066066066067,-0.08104565393582308
1.6096096096096095,0.3094913508522442
1.6126126126126126,0.6922690982479979
1.6156156156156156,1.0640442612249894
1.6186186186186187,1.421686890040681
1.6216216216216217,1.7622076839298435
1.6246246246246245,2.0827839639784282
1.6276276276276276,2.380784118145198
1.6306306306306306,2.653790303132706
1.6336336336336337,2.899619203454243
1.6366366366366367,3.116340665454549
1.6396396396396395,3.3022940430680743
1.6426426426426426,3.456102112567101
1.6456456456456456,3.576682435282396
1.6486486486486487,3.6632560700766668
1.6516516516516517,3.7153535610129964
1.6546546546546546,3.7328181499764046
1.6576576576576576,3.715806188759659
1.6606606606606606,3.6647847500942445
1.6636636636636637,3.5805264620717603
1.6666666666666667,3.4641016151377477
1.6696696696696696,3.316867615128841
1.6726726726726726,3.1404558794490556
1.6756756756756757,2.936756296232044
1.6786786786786787,2.70789938801055
1.6816816816816818,2.4562363418191406
1.6846846846846846,2.184317086611261
1.6876876876876876,1.8948666162064334
1.6906906906906907,1.590759771545811
1.6936936936936937,1.274994709684466
1.6966966966966968,0.9506652985663394
1.6996996996996996,0.6209326861098725
1.7027027027027026,0.2889962993936134
1.7057057057057057,-0.04193546529097547
1.7087087087087087,-0.36867459810408776
1.7117117117117118,-0.6880826133254133
1.7147147147147146,-0.9970992073686972
1.7177177177177176,-1.292770179877111
1.7207207207207207,-1.572274367320879
1.7237237237237237,-1.8329493474422205
1.7267267267267268,-2.0723156839710715
1.7297297297297298,-2.2880994941712522
1.7327327327327327,-2.4782531368529463
1.7357357357357357,-2.6409738353676264
1.7387387387387387,-2.7747200686369773
1.7417417417417418,-2.878225583291983
1.7447447447447448,-2.950510901332591
1.7477477477477477,-2.990892220173316
1.7507507507507507,-2.9989876253148067
1.7537537537537538,-2.974720559966971
1.7567567567567568,-2.9183205205318665
1.7597597597597598,-2.8303209717140163
1.7627627627627627,-2.7115544999410863
1.7657657657657657,-2.563145248526474
1.7687687687687688,-2.3864987023666115
1.7717717717717718,-2.1832889137223903
1.7747747747747749,-1.955443283574526
1.7777777777777777,-1.7051250349617426
1.7807807807807807,-1.4347135354130727
1.7837837837837838,-1.1467826448876073
1.7867867867867868,-0.8440772833616089
1.7897897897897899,-0.5294884282003224
1.7927927927927927,-0.20602676557275257
1.7957957957957957,0.12320476771112576
1.7987987987987988,0.455039305548663
1.8018018018018018,0.7862749828727587
1.8048048048048049,1.1137042152088654
1.8078078078078077,1.4341430644816342
1.8108108108108107,1.7444604272122195
1.8138138138138138,2.0416067827213733
1.8168168168168168,2.322642242772072
1.8198198198198199,2.584763650210218
1.8228228228228227,2.8253304825444454
1.8258258258258258,3.041889326966503
1.8288288288288288,3.2321967059618704
1.8318318318318318,3.39424004728331
1.834834834834835,3.5262566085263023
1.8378378378378377,3.6267501847105192
1.8408408408408408,3.694505446973676
1.8438438438438438,3.7285997815465324
1.8468468468468469,3.72841252041594
1.84984984984985,3.6936314782960737
1.8528528528528527,3.624256734511885
1.8558558558558558,3.5206016229388286
1.8588588588588588,3.3832909180212063
1.8618618618618619,3.213256229886303
1.864864864864865,3.011728646460675
1.867867867867868,2.7802286850566986
1.8708708708708708,2.5205536399131083
1.8738738738738738,2.2347624354291784
1.8768768768768769,1.925158117120782
1.87987987987988,1.5942681334495117
1.882882882882883,1.2448225814455038
1.8858858858858858,0.879730607283562
1.8888888888888888,0.5020551695182564
1.8918918918918919,0.11498638739094302
1.894894894894895,-0.2781862906458149
1.897897897897898,-0.6741028523896933
1.9009009009009008,-1.0693621670717126
1.9039039039039038,-1.4605518497841767
1.906906906906907,-1.8442782807760494
1.90990990990991,-2.217196513686005
1.912912912912913,-2.5760398075922666
1.9159159159159158,-2.9176485209219756
1.9189189189189189,-3.23899811075506
1.921921921921922,-3.5372259888277857
1.924924924924925,-3.809656995523982
1.927927927927928,-4.053827265244951
1.9309309309309308,-4.267506270670314
1.9339339339339339,-4.448716849431679
1.936936936936937,-4.595753034480564
1.93993993993994,-4.707195528783039
1.942942942942943,-4.781924685743781
1.9459459459459458,-4.819130878768817
1.9489489489489489,-4.818322166423366
1.951951951951952,-4.779329183524177
1.954954954954955,-4.702307213013437
1.957957957957958,-4.58773541837563
1.9609609609609608,-4.436413241458928
1.9639639639639639,-4.249453995626039
1.966966966966967,-4.0282757089632035
1.96996996996997,-3.7745892966003605
1.972972972972973,-3.490384164824527
1.9759759759759759,-3.177911372392056
1.978978978978979,-2.8396644960619977
1.981981981981982,-2.4783583676916017
1.984984984984985,-2.096905869072346
1.987987987987988,-1.6983929878785688
1.990990990990991,-1.2860523534931831
1.993993993993994,-0.863235484932453
1.996996996996997,-0.43338399449431897
2.0,-1.126675055215565e-14
2.003003003003003,0.43338399449426823
2.006006006006006,0.8632354849324309
2.009009009009009,1.2860523534931614
2.012012012012012,1.6983929878785742
2.015015015015015,2.0969058690723257
2.018018018018018,2.478358367691552
2.021021021021021,2.83966449606198
2.024024024024024,3.177911372392018
2.027027027027027,3.49038416482453
2.03003003003003,3.7745892966003463
2.033033033033033,4.0282757089631716
2.036036036036036,4.2494539956260295
2.039039039039039,4.4364132414588955
2.042042042042042,4.587735418375629
2.045045045045045,4.702307213013433
2.048048048048048,4.779329183524171
2.051051051051051,4.818322166423366
2.054054054054054,4.8191308787688225
2.057057057057057,4.781924685743781
2.06006006006006,4.7071955287830525
2.063063063063063,4.595753034480569
2.066066066066066,4.448716849431687
2.069069069069069,4.267506270670322
2.0720720720720722,4.053827265244947
2.075075075075075,3.809656995524015
2.078078078078078,3.5372259888278217
2.081081081081081,3.238998110755076
2.084084084084084,2.9176485209219924
2.0870870870870872,2.5760398075922586
2.09009009009009,2.2171965136860505
2.093093093093093,1.844278280776097
2.096096096096096,1.4605518497842251
2.099099099099099,1.069362167071735
2.1021021021021022,0.6741028523896831
2.105105105105105,0.2781862906458074
2.108108108108108,-0.11498638739089517
2.111111111111111,-0.5020551695182098
2.114114114114114,-0.8797306072835133
2.1171171171171173,-1.244822581445514
2.12012012012012,-1.5942681334495168
2.123123123123123,-1.9251581171207441
2.126126126126126,-2.2347624354291433
2.129129129129129,-2.5205536399130772
2.1321321321321323,-2.7802286850566915
2.135135135135135,-3.0117286464606763
2.138138138138138,-3.213256229886283
2.141141141141141,-3.3832909180212063
2.144144144144144,-3.520601622938817
2.1471471471471473,-3.624256734511878
2.15015015015015,-3.6936314782960706
2.153153153153153,-3.7284125204159353
2.156156156156156,-3.728599781546528
2.159159159159159,-3.694505446973687
2.1621621621621623,-3.6267501847105343
2.165165165165165,-3.5262566085263085
2.168168168168168,-3.394240047283341
2.171171171171171,-3.2321967059618615
2.174174174174174,-3.0418893269665324
2.1771771771771773,-2.8253304825444356
2.18018018018018,-2.584763650210231
2.1831831831831834,-2.322642242772086
2.186186186186186,-2.0416067827213884
2.189189189189189,-1.7444604272122555
2.1921921921921923,-1.4341430644816229
2.195195195195195,-1.113704215208882
2.1981981981981984,-0.786274982872776
2.201201201201201,-0.4550393055486803
2.204204204204204,-0.12320476771119382
2.2072072072072073,0.20602676557276323
2.21021021021021,0.5294884282003057
2.2132132132132134,0.844077283361645
2.2162162162162162,1.1467826448875917
2.219219219219219,1.4347135354130152
2.2222222222222223,1.7051250349617295
2.225225225225225,1.955443283574514
2.2282282282282284,2.183288913722415
2.2312312312312312,2.3864987023666018
2.234234234234234,2.5631452485264408
2.2372372372372373,2.711554499941079
2.24024024024024,2.830320971714003
2.2432432432432434,2.918320520531874
2.2462462462462462,2.974720559966969
2.249249249249249,2.9989876253148062
2.2522522522522523,2.9908922201733175
2.255255255255255,2.9505109013325987
2.2582582582582584,2.8782255832919814
2.2612612612612613,2.774720068636984
2.264264264264264,2.640973835367632
2.2672672672672673,2.4782531368529552
2.27027027027027,2.28809949417128
2.2732732732732734,2.0723156839710675
2.2762762762762763,1.8329493474422542
2.279279279279279,1.572274367320893
2.2822822822822824,1.2927701798771256
2.285285285285285,0.9970992073687085
2.2882882882882885,0.6880826133254079
2.2912912912912913,0.36867459810413217
2.294294294294294,0.041935465291020546
2.2972972972972974,-0.28899629939359606
2.3003003003003,-0.6209326861098612
2.3033033033033035,-0.9506652985663449
2.3063063063063063,-1.2749947096844214
2.309309309309309,-1.5907597715457678
2.3123123123123124,-1.8948666162063947
2.315315315315315,-2.18431708661125
2.3183183183183185,-2.4562363418191513
2.3213213213213213,-2.70789938801056
2.324324324324324,-2.936756296232012
2.3273273273273274,-3.1404558794490267
2.33033033033033,-3.316867615128836
2.3333333333333335,-3.4641016151377553
2.3363363363363363,-3.5805264620717665
2.339339339339339,-3.6647847500942383
2.3423423423423424,-3.7158061887596507
2.3453453453453452,-3.7328181499764
2.3483483483483485,-3.7153535610129964
2.3513513513513513,-3.663256070076669
2.354354354354354,-3.576682435282411
2.3573573573573574,-3.4561021125671143
2.3603603603603602,-3.3022940430680983
2.3633633633633635,-3.1163406654545565
2.3663663663663663,-2.899619203454238
2.369369369369369,-2.653790303132741
2.3723723723723724,-2.3807841181451943
2.3753753753753752,-2.0827839639784695
2.3783783783783785,-1.7622076839298588
2.3813813813813813,-1.4216868900406971
2.384384384384384,-1.0640442612250354
2.3873873873873874,-0.6922690982479911
2.3903903903903903,-0.30949135085229473
2.3933933933933935,0.08104565393580421
2.3963963963963963,0.4760135415802029
2.399399399399399,0.8720280275825002
2.4024024024024024,1.2656786051457654
2.4054054054054053,1.6535585202350433
2.4084084084084085,2.032294768588559
2.4114114114114114,2.3985778488555707
2.414414414414414,2.7491910080322404
2.4174174174174174,3.0810387196930673
2.4204204204204203,3.3911741421581723
2.4234234234234235,3.676825312622505
2.4264264264264264,3.935419844325045
2.429429429429429,4.164607906967959
2.4324324324324325,4.362283285672496
2.4354354354354353,4.526602330665402
2.4384384384384385,4.656000628464623
2.4414414414414414,4.749207245414166
2.4444444444444446,4.805256415833275
2.4474474474474475,4.823496569593915
2.4504504504504503,4.803596617433939
2.4534534534534536,4.74554943653407
2.4564564564564564,4.649672523626154
2.4594594594594597,4.516605807934538
2.4624624624624625,4.347306641362888
2.4654654654654653,4.14304200829869
2.4684684684684686,3.905378022000699
2.4714714714714714,3.6361667985368116
2.4744744744744747,3.3375308224414293
2.4774774774774775,3.0118449404585963
2.4804804804804803,2.6617161407241046
2.4834834834834836,2.2899612943443417
2.4864864864864864,1.899583054361139
2.4894894894894897,1.493744123405163
2.4924924924924925,1.0757401157819544
2.4954954954954953,0.6489712521752018
2.4984984984984986,0.21691313549234587
2.5015015015015014,-0.2169131354922893
2.5045045045045047,-0.648971252175202
2.5075075075075075,-1.0757401157818993
2.5105105105105103,-1.493744123405163
2.5135135135135136,-1.899583054361087
2.5165165165165164,-2.2899612943443417
2.5195195195195197,-2.661716140724105
2.5225225225225225,-3.0118449404585523
2.5255255255255253,-3.337530822441429
2.5285285285285286,-3.6361667985367747
2.5315315315315314,-3.9053780220006975
2.5345345345345347,-4.143042008298662
2.5375375375375375,-4.347306641362865
2.5405405405405403,-4.5166058079345355
2.5435435435435436,-4.6496725236261405
2.5465465465465464,-4.745549436534068
2.5495495495495497,-4.803596617433936
2.5525525525525525,-4.823496569593912
2.5555555555555554,-4.805256415833274
2.5585585585585586,-4.749207245414178
2.5615615615615615,-4.65600062846462
2.5645645645645647,-4.5266023306654235
2.5675675675675675,-4.3622832856724925
2.5705705705705704,-4.164607906968023
2.5735735735735736,-3.9354198443250805
2.5765765765765765,-3.6768253126225012
2.5795795795795797,-3.3911741421582144
2.5825825825825826,-3.0810387196930638
2.5855855855855854,-2.74919100803234
2.5885885885885886,-2.3985778488555676
2.5915915915915915,-2.0322947685885553
2.5945945945945947,-1.653558520235096
2.5975975975975976,-1.2656786051457625
2.6006006006006004,-0.8720280275826133
2.6036036036036037,-0.4760135415802005
2.6066066066066065,-0.0810456539358575
2.6096096096096097,0.30949135085224255
2.6126126126126126,0.692269098247993
2.6156156156156154,1.0640442612249326
2.6186186186186187,1.4216868900406978
2.6216216216216215,1.762207683929815
2.6246246246246248,2.0827839639784695
2.6276276276276276,2.3807841181451943
2.6306306306306304,2.65379030313267
2.6336336336336337,2.899619203454237
2.6366366366366365,3.1163406654545316
2.6396396396396398,3.3022940430680965
2.6426426426426426,3.456102112567099
2.6456456456456454,3.5766824352823865
2.6486486486486487,3.663256070076666
2.6516516516516515,3.7153535610129955
2.6546546546546548,3.7328181499763957
2.6576576576576576,3.7158061887596596
2.6606606606606604,3.6647847500942383
2.6636636636636637,3.580526462071761
2.6666666666666665,3.4641016151377784
2.66966966966967,3.31686761512883
2.6726726726726726,3.140455879449058
2.6756756756756754,2.9367562962320397
2.6786786786786787,2.707899388010553
2.6816816816816815,2.456236341819192
2.684684684684685,2.1843170866112427
2.6876876876876876,1.8948666162064403
2.6906906906906904,1.5907597715458086
2.6936936936936937,1.2749947096844703
2.6966966966966965,0.9506652985663944
2.6996996996997,0.6209326861098543
2.7027027027027026,0.2889962993936459
2.705705705705706,-0.04193546529102721
2.7087087087087087,-0.36867459810408365
2.7117117117117115,-0.688082613325414
2.714714714714715,-0.9970992073687143
2.7177177177177176,-1.292770179877083
2.720720720720721,-1.5722743673208979
2.7237237237237237,-1.8329493474422174
2.7267267267267266,-2.072315683971072
2.72972972972973,-2.28809949417125
2.7327327327327327,-2.478253136852929
2.735735735735736,-2.640973835367635
2.7387387387387387,-2.7747200686369666
2.7417417417417416,-2.878225583291983
2.744744744744745,-2.9505109013325908
2.7477477477477477,-2.9908922201733175
2.750750750750751,-2.998987625314806
2.7537537537537538,-2.9747205599669746
2.7567567567567566,-2.9183205205318727
2.75975975975976,-2.830320971714018
2.7627627627627627,-2.711554499941077
2.765765765765766,-2.5631452485264647
2.7687687687687688,-2.3864987023666298
2.7717717717717716,-2.1832889137224107
2.774774774774775,-1.955443283574549
2.7777777777777777,-1.7051250349617246
2.780780780780781,-1.434713535413057
2.7837837837837838,-1.1467826448875864
2.7867867867867866,-0.8440772833616389
2.78978978978979,-0.5294884282003537
2.7927927927927927,-0.2060267655727568
2.795795795795796,0.12320476771114419
2.798798798798799,0.4550393055486871
2.8018018018018016,0.7862749828727261
2.804804804804805,1.113704215208833
2.8078078078078077,1.43414306448163
2.810810810810811,1.744460427212209
2.813813813813814,2.0416067827213955
2.8168168168168166,2.322642242772044
2.81981981981982,2.5847636502102374
2.8228228228228227,2.8253304825444427
2.825825825825826,3.0418893269665
2.828828828828829,3.232196705961868
2.8318318318318316,3.3942400472833
2.834834834834835,3.5262566085263143
2.8378378378378377,3.6267501847105184
2.840840840840841,3.6945054469736753
2.843843843843844,3.7285997815465324
2.8468468468468466,3.7284125204159415
2.84984984984985,3.6936314782960746
2.8528528528528527,3.624256734511886
2.855855855855856,3.5206016229388197
2.858858858858859,3.383290918021208
2.8618618618618616,3.213256229886332
2.864864864864865,3.0117286464606776
2.8678678678678677,2.7802286850567226
2.870870870870871,2.5205536399130777
2.873873873873874,2.2347624354291824
2.8768768768768767,1.9251581171208336
2.87987987987988,1.5942681334495161
2.8828828828828827,1.2448225814455616
2.885885885885886,0.8797306072835117
2.888888888888889,0.5020551695182613
2.8918918918918917,0.11498638739095124
2.894894894894895,-0.2781862906458098
2.8978978978978978,-0.674102852389629
2.900900900900901,-1.069362167071738
2.903903903903904,-1.4605518497841716
2.9069069069069067,-1.8442782807760434
2.90990990990991,-2.217196513686
2.9129129129129128,-2.5760398075922093
2.915915915915916,-2.917648520921996
2.918918918918919,-3.2389981107550323
2.9219219219219217,-3.5372259888277817
2.924924924924925,-3.8096569955239783
2.9279279279279278,-4.0538272652449505
2.930930930930931,-4.267506270670324
2.933933933933934,-4.448716849431663
2.9369369369369367,-4.595753034480552
2.93993993993994,-4.707195528783037
2.942942942942943,-4.781924685743784
2.945945945945946,-4.819130878768817
2.948948948948949,-4.818322166423366
2.951951951951952,-4.7793291835241725
2.954954954954955,-4.702307213013444
2.957957957957958,-4.587735418375631
2.960960960960961,-4.436413241458915
2.963963963963964,-4.24945399562603
2.966966966966967,-4.028275708963187
2.96996996996997,-3.7745892966003805
2.972972972972973,-3.4903841648245493
2.975975975975976,-3.177911372392039
2.978978978978979,-2.83966449606198
2.981981981981982,-2.478358367691576
2.984984984984985,-2.0969058690723763
2.987987987987988,-1.6983929878786004
2.990990990990991,-1.2860523534931885
2.993993993993994,-0.8632354849324306
2.996996996996997,-0.4333839944942963
3.0,-4.532183525863748e-14
